1:ItNr	2:Metric	3a:Time	3b:StepSize	4:||Gradient||	Time[ms]
0	-0.514420	0.000000	153.413052	0.020788	14.6
1	-0.559597	0.000000	153.413052	0.020345	0.7
2	-0.525279	0.287657	151.340000	0.027229	0.8
3	-0.527660	0.000000	153.413052	0.019628	0.7
4	-0.544075	1.000000	146.439731	0.022572	0.7
5	-0.525207	2.000000	140.072786	0.017812	0.7
6	-0.557249	1.199945	145.120811	0.018187	0.7
7	-0.550812	0.397163	150.565476	0.020256	0.7
8	-0.540338	1.374785	143.986817	0.022212	0.7
9	-0.557498	1.533809	142.970686	0.025251	0.7
10	-0.542156	2.533809	136.895567	0.025513	0.7
11	-0.560710	3.533809	131.315693	0.019910	0.6
12	-0.600107	4.533809	126.172877	0.023910	0.7
13	-0.561962	5.510585	121.524068	0.026141	0.7
14	-0.536405	6.510585	117.106711	0.020606	0.8
15	-0.567853	5.707803	120.626700	0.030766	0.7
16	-0.554957	6.707803	116.273172	0.018313	0.7
17	-0.583253	7.707803	112.222943	0.023807	0.7
18	-0.557057	8.707803	108.445385	0.023399	0.8
19	-0.555944	9.707774	104.913956	0.026482	0.7
20	-0.561471	10.707774	101.605179	0.025409	0.7
21	-0.582261	11.707774	98.498726	0.018453	1.2
22	-0.626432	12.547013	96.034604	0.021574	0.7
23	-0.589856	13.546878	93.255143	0.021337	0.7
24	-0.602904	14.546811	90.631875	0.023691	0.7
25	-0.622629	15.536674	88.176446	0.025139	0.7
26	-0.574998	16.536674	85.827372	0.022355	0.7
27	-0.586925	17.536674	83.600211	0.024556	0.6
28	-0.600174	17.068955	84.627332	0.022104	0.7
29	-0.602955	18.068955	82.461230	0.022610	0.7
30	-0.576699	17.266173	84.191176	0.029971	0.8
31	-0.597778	18.091346	82.413998	0.024087	0.7
32	-0.606522	19.091236	80.358562	0.028706	0.7
33	-0.616323	20.091236	78.402949	0.020461	0.7
34	-0.649792	21.091236	76.540258	0.027061	0.7
35	-0.634657	22.091234	74.764024	0.020938	0.7
36	-0.594643	21.288452	76.183305	0.020677	0.7
37	-0.639423	22.288445	74.423419	0.025499	0.7
38	-0.661997	21.485843	75.829356	0.021986	0.7
39	-0.583574	22.485843	74.085584	0.024724	0.7
40	-0.589498	23.485837	72.420220	0.021184	0.7
41	-0.652754	22.683644	73.750122	0.026036	0.7
42	-0.623912	21.882380	75.128154	0.026513	0.7
43	-0.649727	22.882380	73.416120	0.022430	0.7
44	-0.617627	23.882380	71.780375	0.019183	0.7
45	-0.625737	23.102726	73.049319	0.020995	0.7
46	-0.635269	22.302410	74.399418	0.030127	0.7
47	-0.647811	23.302410	72.720064	0.020890	0.7
48	-0.657944	24.302410	71.114850	0.024661	0.7
49	-0.622505	23.499717	72.397630	0.023481	0.7
50	-0.641374	24.499717	70.806464	0.023294	0.7
51	-0.616707	23.705628	72.064172	0.022775	0.7
52	-0.650138	22.902846	73.381896	0.032351	0.8
53	-0.637385	22.100064	74.748708	0.019627	0.7
54	-0.638856	23.100064	73.053728	0.023584	0.7
55	-0.624757	24.100044	71.433946	0.017412	0.7
56	-0.666989	25.099969	69.884517	0.022158	0.7
57	-0.658442	26.099932	68.400823	0.026948	0.7
58	-0.663611	27.099932	66.978766	0.025845	0.7
59	-0.648857	28.099932	65.614635	0.022729	0.7
60	-0.646075	29.099932	64.304960	0.028291	0.8
61	-0.650654	28.297187	65.352088	0.026672	0.7
62	-0.676998	29.297187	64.052769	0.024382	0.7
63	-0.652768	30.297187	62.804108	0.024536	1.0
64	-0.630890	29.494405	63.802595	0.024312	0.7
65	-0.626799	28.707812	64.812229	0.023037	0.7
66	-0.657128	29.707812	63.534079	0.029670	0.7
67	-0.636361	30.707812	62.305365	0.025100	0.7
68	-0.696490	31.707812	61.123275	0.026355	0.7
69	-0.635080	32.707812	59.985205	0.021377	0.7
70	-0.620772	33.707812	58.888740	0.025666	0.7
71	-0.680561	34.705744	57.833786	0.022775	0.7
72	-0.679348	35.705744	56.813893	0.020472	0.7
73	-0.689151	36.705744	55.829348	0.027116	0.7
74	-0.673997	35.955869	56.564392	0.023739	0.7
75	-0.656048	36.955869	55.588401	0.016748	0.7
76	-0.645505	37.955561	54.645805	0.020831	0.7
77	-0.641137	38.955558	53.734369	0.021403	0.7
78	-0.665298	39.955558	52.852836	0.025696	0.7
79	-0.671114	40.625702	52.278092	0.019356	0.8
80	-0.654267	41.625076	51.443835	0.024010	0.7
81	-0.673318	42.625076	50.635288	0.023236	0.7
82	-0.702425	43.625076	49.851765	0.029085	0.7
83	-0.667570	44.625076	49.092120	0.022931	0.7
84	-0.650418	45.625075	48.355279	0.022818	0.7
85	-0.685531	44.822297	48.945026	0.020719	0.7
86	-0.703346	44.069542	49.511245	0.023731	0.7
87	-0.684942	43.462158	49.977758	0.026340	0.7
88	-0.641192	44.462158	49.214297	0.028951	0.7
89	-0.681390	45.462158	48.473811	0.027780	0.6
90	-0.679449	46.462158	47.755278	0.026861	0.7
91	-0.637172	47.462158	47.057735	0.026527	0.7
92	-0.655292	46.659376	47.616078	0.021518	0.7
93	-0.694599	47.659373	46.922568	0.027000	0.8
94	-0.696873	48.659373	46.248968	0.023641	0.7
95	-0.643702	49.659373	45.594434	0.023712	0.8
96	-0.694120	50.659373	44.958167	0.030086	0.7
97	-0.681345	51.630121	44.357273	0.025895	0.7
98	-0.687609	52.630121	43.754839	0.027723	0.8
99	-0.689820	53.630121	43.168550	0.025675	0.8
100	-0.667398	52.827536	43.637838	0.026305	0.8
101	-0.666222	53.827536	43.054660	0.021905	0.8
102	-0.655257	54.827536	42.486862	0.022423	0.7
103	-0.712104	54.079871	42.909958	0.022324	0.7
104	-0.689516	55.079871	42.345946	0.024538	1.0
105	-0.687346	56.077144	41.798047	0.023444	0.7
106	-0.723921	57.077144	41.262704	0.024374	0.8
107	-0.680241	56.692225	41.467136	0.025790	0.7
108	-0.657895	56.403557	41.621783	0.022376	0.7
109	-0.678857	56.910901	41.350749	0.027154	0.7
110	-0.712544	57.910901	40.826731	0.029637	0.7
111	-0.633856	58.910901	40.315828	0.024233	0.7
112	-0.675200	59.910901	39.817553	0.024811	0.7
113	-0.702991	60.910901	39.331445	0.022105	0.7
114	-0.670057	61.910448	38.857275	0.025257	0.7
115	-0.694278	62.910448	38.394195	0.029878	0.7
116	-0.667079	63.910448	37.942022	0.021358	0.7
117	-0.691910	63.107666	38.304167	0.028664	0.7
118	-0.663129	64.107666	37.854100	0.030020	0.7
119	-0.681204	65.105908	37.415250	0.024376	0.7
120	-0.668695	66.105908	36.985713	0.026589	0.7
121	-0.661803	67.105908	36.565926	0.024801	0.7
122	-0.668198	66.303132	36.902159	0.027400	0.7
123	-0.655167	67.303132	36.484256	0.023257	0.7
124	-0.675760	68.303132	36.075712	0.021594	0.7
125	-0.702434	67.500350	36.402953	0.026165	0.7
126	-0.679772	68.500350	35.996218	0.023705	0.7
127	-0.625444	69.500350	35.598471	0.023929	0.7
128	-0.701389	70.500350	35.209418	0.024474	0.7
129	-0.697665	71.500303	34.828795	0.025280	0.7
130	-0.707082	72.500303	34.456295	0.028843	0.7
131	-0.685501	73.500289	34.091685	0.017694	0.7
132	-0.668076	72.697968	34.383607	0.024406	0.7
133	-0.708931	73.697965	34.020521	0.027565	0.7
134	-0.694079	74.697043	33.665346	0.022996	0.7
135	-0.697819	75.697043	33.317194	0.021062	0.7
136	-0.664876	76.614504	33.004051	0.020032	0.7
137	-0.669686	75.816486	33.276090	0.018775	0.8
138	-0.686237	75.120829	33.516920	0.021919	0.7
139	-0.698464	76.120829	33.171814	0.021938	0.8
140	-0.673916	75.318047	33.448291	0.028983	0.7
141	-0.705042	74.515294	33.729406	0.027095	0.7
142	-0.701134	73.712512	34.015296	0.028655	0.7
143	-0.688192	74.712512	33.659905	0.026354	0.7
144	-0.655483	73.919199	33.941227	0.022955	0.8
145	-0.678938	74.365311	33.782452	0.025140	0.7
146	-0.707302	75.365267	33.431901	0.031371	1.0
147	-0.693330	76.262312	33.123561	0.025048	0.7
148	-0.705480	77.262312	32.786467	0.020049	0.8
149	-0.710815	78.262312	32.456166	0.024348	2.1
150	-0.664713	79.262312	32.132454	0.026074	2.3
151	-0.689605	80.262312	31.815135	0.023405	0.7
152	-0.686324	81.262312	31.504022	0.026332	0.8
153	-0.667043	82.262312	31.198934	0.021593	0.7
154	-0.710280	81.459530	31.443381	0.025219	0.7
155	-0.688539	82.459530	31.139462	0.029991	0.7
156	-0.689780	82.893224	31.009473	0.031007	0.7
157	-0.720156	83.893224	30.713844	0.023370	0.6
158	-0.683463	84.893224	30.423798	0.024813	0.7
159	-0.729061	85.893224	30.139180	0.025285	0.7
160	-0.703926	85.091761	30.366864	0.022811	0.7
161	-0.647138	84.291497	30.597666	0.022261	0.7
162	-0.667917	85.164133	30.346163	0.018270	0.7
163	-0.701433	86.164133	30.062988	0.022450	0.7
164	-0.723312	85.361353	30.289894	0.029938	0.7
165	-0.691391	86.361353	30.007764	0.024818	0.7
166	-0.682040	87.361148	29.730897	0.022092	0.7
167	-0.682812	88.361148	29.459037	0.027332	0.7
168	-0.684775	87.558366	29.676885	0.025095	0.7
169	-0.697896	88.558366	29.406007	0.024201	0.7
170	-0.708938	89.558366	29.140030	0.031192	0.7
171	-0.719492	90.558366	28.878821	0.017213	0.7
172	-0.691389	89.755609	29.088135	0.019681	0.8
173	-0.692174	88.958589	29.298976	0.026268	0.7
174	-0.723302	88.156363	29.514304	0.029538	0.7
175	-0.670127	89.156363	29.246373	0.026377	0.7
176	-0.699897	90.156263	28.983289	0.023123	0.7
177	-0.670440	91.156228	28.724879	0.025722	0.7
178	-0.697864	90.353472	28.931959	0.024460	0.7
179	-0.688820	91.353472	28.674451	0.027403	0.7
180	-0.664632	92.353134	28.421570	0.023014	0.7
181	-0.709134	93.353134	28.173028	0.029242	0.7
182	-0.682571	94.353134	27.928795	0.023860	0.7
183	-0.710898	95.353134	27.688761	0.021786	0.7
184	-0.709404	96.352691	27.452920	0.024720	0.7
185	-0.715807	95.549909	27.642013	0.024623	0.8
186	-0.709193	96.549909	27.406862	0.019151	2.8
187	-0.715593	97.549872	27.175686	0.017578	0.8
188	-0.742023	96.762943	27.357282	0.023239	0.7
189	-0.695394	97.762943	27.126930	0.025271	0.8
190	-0.706040	98.762943	26.900425	0.021696	0.7
191	-0.698355	99.762943	26.677671	0.024322	0.7
192	-0.683052	100.762943	26.458576	0.030247	0.7
193	-0.719350	101.762943	26.243050	0.030052	0.7
194	-0.699628	100.960161	26.415791	0.019094	0.7
195	-0.734894	101.960161	26.200959	0.026643	0.7
196	-0.698796	102.960161	25.989593	0.031239	0.7
197	-0.738174	103.960161	25.781610	0.026070	0.7
198	-0.689908	104.960161	25.576929	0.026367	0.7
199	-0.695167	104.157378	25.740984	0.026674	0.7
200	-0.742282	105.157378	25.536945	0.025437	0.7
201	-0.711193	106.157378	25.336116	0.024076	0.7
202	-0.689168	107.157378	25.138421	0.026864	0.7
203	-0.736716	106.354596	25.296881	0.020002	0.7
204	-0.673523	107.354596	25.099795	0.026138	0.7
205	-0.731238	106.551814	25.257768	0.026179	0.6
206	-0.712353	107.551814	25.061288	0.025190	0.7
207	-0.715301	108.551579	24.867887	0.028409	0.7
208	-0.699872	109.551579	24.677404	0.019281	0.7
209	-0.706652	108.755439	24.828817	0.020933	0.7
210	-0.707962	107.952657	24.983387	0.026288	0.7
211	-0.711145	108.952655	24.791137	0.028550	0.7
212	-0.706813	109.952655	24.601823	0.028161	0.6
213	-0.688442	110.952655	24.415379	0.025981	0.7
214	-0.749959	111.952655	24.231739	0.027391	0.7
215	-0.708796	112.952495	24.050870	0.021603	0.7
216	-0.723446	112.149713	24.195877	0.021873	0.7
217	-0.726405	111.346931	24.342643	0.024929	0.7
218	-0.715242	110.544149	24.491200	0.029923	0.9
219	-0.734785	111.544149	24.306423	0.021550	0.9
220	-0.729213	112.544149	24.124412	0.027690	0.8
221	-0.696211	112.093532	24.206090	0.022745	0.8
222	-0.704801	113.034296	24.036192	0.026166	0.7
223	-0.662338	114.034296	23.858191	0.026409	0.8
224	-0.685571	113.419094	23.967384	0.025786	0.7
225	-0.713643	114.415842	23.790969	0.021456	1.0
226	-0.712098	115.415842	23.616569	0.022087	0.8
227	-0.700099	116.415842	23.444706	0.021251	0.7
228	-0.706459	116.865626	23.368219	0.024732	0.7
229	-0.764177	117.865623	23.199940	0.023386	0.7
230	-0.701828	118.865623	23.034067	0.021585	0.7
231	-0.708488	118.063156	23.166985	0.022804	0.7
232	-0.711557	118.891454	23.029813	0.021101	0.7
233	-0.706927	118.088672	23.162735	0.019009	0.7
234	-0.741524	117.285890	23.297200	0.026386	0.7
235	-0.719688	118.285758	23.129960	0.025645	0.7
236	-0.713698	119.285758	22.965083	0.020505	0.7
237	-0.717063	118.482977	23.097256	0.028216	0.7
238	-0.748730	117.680924	23.230838	0.022292	0.7
239	-0.694449	118.680924	23.064524	0.021866	0.7
240	-0.679034	118.685861	23.063709	0.025466	0.7
241	-0.732262	119.685860	22.899772	0.022006	0.6
242	-0.743455	120.685860	22.738148	0.022170	0.7
243	-0.731512	121.685860	22.578790	0.025206	0.9
244	-0.679035	122.685860	22.421650	0.026585	0.8
245	-0.736410	123.685856	22.266683	0.023517	0.7
246	-0.727976	124.685856	22.113843	0.025792	0.8
247	-0.692711	125.685856	21.963086	0.030079	0.7
248	-0.711494	124.884692	22.083702	0.022409	0.7
249	-0.727748	125.884692	21.933355	0.024567	0.7
250	-0.742935	126.884684	21.785042	0.024561	0.8
251	-0.707920	127.884684	21.638721	0.025895	0.9
252	-0.725698	128.884657	21.494355	0.024512	0.7
253	-0.759631	129.884657	21.351900	0.020778	0.7
254	-0.683291	129.777749	21.367039	0.025292	0.7
255	-0.731343	128.976262	21.481227	0.020049	0.7
256	-0.745484	129.974288	21.339224	0.028152	0.8
257	-0.750106	130.974288	21.198810	0.022803	0.7
258	-0.723181	131.974288	21.060233	0.022701	0.7
259	-0.710566	132.972864	20.923648	0.026865	0.7
260	-0.708791	133.972864	20.788634	0.021270	0.7
261	-0.756421	133.513152	20.850485	0.028470	0.7
262	-0.756380	134.513152	20.716409	0.025228	0.7
263	-0.738496	135.513152	20.584047	0.022105	0.7
264	-0.735246	135.852752	20.539481	0.028607	0.7
265	-0.758157	135.049970	20.645144	0.026631	0.7
266	-0.723817	136.049970	20.513688	0.023674	0.7
267	-0.736230	137.049970	20.383896	0.020770	0.7
268	-0.697350	138.049970	20.255735	0.030902	0.7
269	-0.737630	139.049970	20.129176	0.020708	0.6
270	-0.697362	139.965069	20.014740	0.022683	0.7
271	-0.695363	139.162287	20.115060	0.022712	0.7
272	-0.725782	140.162287	19.990248	0.022766	0.7
273	-0.731347	141.125685	19.871460	0.028188	0.7
274	-0.723733	140.322902	19.970345	0.026823	0.7
275	-0.715191	139.520120	20.070220	0.027632	0.7
276	-0.716973	138.717338	20.171098	0.023585	0.7
277	-0.729873	139.717338	20.045591	0.024779	0.7
278	-0.710987	139.566081	20.064475	0.024605	0.7
279	-0.755179	138.806812	20.159804	0.021887	0.7
280	-0.709689	139.806811	20.034438	0.024056	0.7
281	-0.722108	140.806811	19.910621	0.028268	0.7
282	-0.719297	141.804704	19.788581	0.025931	0.7
283	-0.718344	142.804704	19.667775	0.024662	0.7
284	-0.720487	142.002167	19.764609	0.025629	0.7
285	-0.709037	143.002167	19.644095	0.022625	0.7
286	-0.736874	144.002159	19.525042	0.023324	0.7
287	-0.756367	145.002159	19.407423	0.022389	0.7
288	-0.714854	146.002159	19.291212	0.018515	0.7
289	-0.727842	145.199377	19.384393	0.027689	0.7
290	-0.707714	146.198983	19.268503	0.021519	0.7
291	-0.730803	145.521353	19.346913	0.029115	0.7
292	-0.736901	146.516151	19.232021	0.028830	0.7
293	-0.728863	147.516151	19.117895	0.028016	0.7
294	-0.735977	148.516151	19.005116	0.021765	0.7
295	-0.714758	147.737375	19.092830	0.028129	0.7
296	-0.740380	146.934598	19.184100	0.031263	0.7
297	-0.682939	146.133223	19.276084	0.025493	0.7
298	-0.720487	147.133223	19.161437	0.024952	0.7
299	-0.776573	148.133223	19.048145	0.031870	0.7
300	-0.704728	149.133223	18.936184	0.028861	0.7
301	-0.708125	148.330441	19.025959	0.020636	0.7
302	-0.764088	149.330439	18.914259	0.029154	0.7
303	-0.713007	150.330439	18.803863	0.023132	0.7
304	-0.723920	149.527657	18.892385	0.026537	0.7
305	-0.727737	150.527657	18.782243	0.016990	0.8
306	-0.711078	151.412984	18.685797	0.025268	0.7
307	-0.744945	152.407783	18.578601	0.019565	2.9
308	-0.747802	153.407782	18.472078	0.022232	0.7
309	-0.700277	152.605000	18.557496	0.020535	0.8
310	-0.716020	153.465417	18.465975	0.026890	0.7
311	-0.740306	154.454802	18.361846	0.028513	0.7
312	-0.761226	153.652020	18.446246	0.022676	0.7
313	-0.734883	154.652020	18.341230	0.021651	1.0
314	-0.754187	153.849238	18.425440	0.027019	0.7
315	-0.715402	153.046456	18.510426	0.025144	0.7
316	-0.725911	154.026643	18.406764	0.026058	0.7
317	-0.745532	153.223861	18.491578	0.023282	0.7
318	-0.758740	154.223861	18.386047	0.026120	0.7
319	-0.750572	153.422275	18.470543	0.021863	0.6
320	-0.744772	154.422270	18.365251	0.031414	0.7
321	-0.772638	155.422270	18.261153	0.026842	0.7
322	-0.741462	156.422270	18.158228	0.024700	0.7
323	-0.730312	155.619488	18.240762	0.022528	0.7
324	-0.711343	156.619488	18.138066	0.028162	0.7
325	-0.739011	155.817406	18.220345	0.025308	0.7
326	-0.808210	156.817406	18.117878	0.024775	0.7
327	-0.738761	156.056444	18.195746	0.024671	0.7
328	-0.763509	157.056444	18.093555	0.021332	0.7
329	-0.749026	158.056444	17.992506	0.023542	0.7
330	-0.730976	159.055296	17.892693	0.026310	0.7
331	-0.703870	158.252514	17.972825	0.021516	0.7
332	-0.731547	157.624699	18.035995	0.022813	0.7
333	-0.730308	158.624674	17.935588	0.021148	0.7
334	-0.731229	157.821892	18.016106	0.018804	0.7
335	-0.717111	158.821892	17.915917	0.027095	4.1
336	-0.729856	159.821872	17.816839	0.021374	0.7
337	-0.764314	159.036684	17.894542	0.023664	0.7
338	-0.742233	158.506729	17.947372	0.024982	0.7
339	-0.732743	159.506729	17.847945	0.021452	0.7
340	-0.726590	158.703947	17.927676	0.024649	0.7
341	-0.723266	159.684848	17.830350	0.021221	0.7
342	-0.736508	160.684843	17.732212	0.025957	0.7
343	-0.706323	161.684423	17.635188	0.024152	0.7
344	-0.718973	162.684423	17.539180	0.027409	0.7
345	-0.736631	163.684423	17.444211	0.030857	0.7
346	-0.749548	162.881641	17.520368	0.021142	0.7
347	-0.760699	163.881641	17.425603	0.024561	0.7
348	-0.712710	164.610125	17.357211	0.024700	0.7
349	-0.737736	165.610125	17.264198	0.021280	0.6
350	-0.722941	165.372263	17.286232	0.021461	0.7
351	-0.775070	166.372263	17.193975	0.024572	0.6
352	-0.743214	165.569487	17.267958	0.025135	0.7
353	-0.758466	166.569402	17.175904	0.021979	0.7
354	-0.763436	167.569267	17.084831	0.024480	0.7
355	-0.759597	168.569267	16.994707	0.028623	0.7
356	-0.686407	169.474770	16.913915	0.018830	0.7
357	-0.720569	168.688103	16.984060	0.024035	0.8
358	-0.708015	169.674671	16.896183	0.026261	0.7
359	-0.752048	168.871889	16.967620	0.025413	0.7
360	-0.746343	169.871889	16.878725	0.021010	0.7
361	-0.765785	170.871889	16.790756	0.020188	0.7
362	-0.736977	171.871888	16.703700	0.020804	0.7
363	-0.712635	172.867885	16.617884	0.031358	0.7
364	-0.745305	173.867885	16.532607	0.031507	0.7
365	-0.763300	174.867885	16.448200	0.022142	0.7
366	-0.713338	174.066216	16.515797	0.025280	0.7
367	-0.743792	175.066216	16.431561	0.025969	0.7
368	-0.743408	174.682427	16.463788	0.028549	0.7
369	-0.751243	175.682427	16.380081	0.028419	0.7
370	-0.751058	176.682427	16.297220	0.021176	0.7
371	-0.742947	177.680079	16.215386	0.024592	0.7
372	-0.756254	178.680079	16.134179	0.030365	0.7
373	-0.724802	177.877296	16.199306	0.021887	0.7
374	-0.764638	177.074515	16.264960	0.026522	0.7
375	-0.743632	178.074515	16.183257	0.023859	0.7
376	-0.736608	179.074515	16.102371	0.023092	0.7
377	-0.718736	179.467190	16.070830	0.025909	0.7
378	-0.758369	180.467141	15.991065	0.034991	0.7
379	-0.765295	181.467141	15.912084	0.021306	0.7
380	-0.729366	180.664359	15.975426	0.028553	0.7
381	-0.739201	181.664359	15.896599	0.027068	0.7
382	-0.733547	182.664335	15.818548	0.029268	0.7
383	-0.758455	183.664335	15.741258	0.032253	2.1
384	-0.738624	184.664335	15.664719	0.025012	0.7
385	-0.752284	185.664335	15.588921	0.024332	0.7
386	-0.744293	184.861553	15.649712	0.023071	0.8
387	-0.715138	185.861553	15.574059	0.022600	0.9
388	-0.751984	185.058771	15.634734	0.028882	1.0
389	-0.736978	186.058771	15.559225	0.024274	0.8
390	-0.718046	187.058770	15.484443	0.024995	0.9
391	-0.744457	188.058770	15.410375	0.023279	0.9
392	-0.753171	187.255988	15.469779	0.027877	0.7
393	-0.716818	188.255988	15.395851	0.022567	0.7
394	-0.717208	187.453206	15.455143	0.020444	0.7
395	-0.754889	188.423653	15.383525	0.026673	0.6
396	-0.732296	187.620871	15.442722	0.022614	0.7
397	-0.743315	188.620871	15.369052	0.023458	0.8
398	-0.739803	189.620871	15.296082	0.022999	0.7
399	-0.728383	190.620871	15.223801	0.028059	0.7
400	-0.740507	191.620871	15.152201	0.028493	0.7
401	-0.731145	192.608412	15.082150	0.027241	0.7
402	-0.737114	193.608412	15.011872	0.025989	0.7
403	-0.766121	194.608412	14.942247	0.022369	0.7
404	-0.721202	195.608412	14.873264	0.024131	0.7
405	-0.768091	196.608408	14.804915	0.021157	0.7
406	-0.721376	197.608405	14.737192	0.027095	0.7
407	-0.758620	196.815678	14.790827	0.022621	0.7
408	-0.752942	196.013502	14.845501	0.021285	0.6
409	-0.770194	195.210720	14.900621	0.022298	0.7
410	-0.739856	196.210720	14.832022	0.025895	0.7
411	-0.761038	195.407951	14.887041	0.025999	0.7
412	-0.762644	196.407950	14.818566	0.027002	0.7
413	-0.738892	197.407950	14.750718	0.032228	0.7
414	-0.747391	198.407950	14.683488	0.021931	0.7
415	-0.748281	197.606085	14.737349	0.024854	0.7
416	-0.752596	196.803303	14.791668	0.021961	0.7
417	-0.770383	197.803303	14.724065	0.019785	0.7
418	-0.724798	198.803217	14.657083	0.021234	0.7
419	-0.752677	198.000435	14.710811	0.023009	0.7
420	-0.748114	198.985031	14.644970	0.028177	0.7
421	-0.766402	199.985031	14.578698	0.023712	0.7
422	-0.744150	199.182249	14.631852	0.018915	0.7
423	-0.727086	198.381302	14.685272	0.024483	1.2
424	-0.721413	197.578520	14.739207	0.028499	0.8
425	-0.702062	198.578520	14.672082	0.025404	0.8
426	-0.742895	199.578520	14.605566	0.023203	0.7
427	-0.735650	200.578520	14.539650	0.023314	0.7
428	-0.745983	200.670117	14.533642	0.025184	0.7
429	-0.747423	201.670011	14.468379	0.030274	0.7
430	-0.748674	202.670011	14.403693	0.019281	0.7
431	-0.747580	201.867235	14.455575	0.022474	0.7
432	-0.730716	201.064521	14.507829	0.028015	0.7
433	-0.722549	202.064521	14.442790	0.021809	0.7
434	-0.734353	201.261739	14.494956	0.030038	0.7
435	-0.716448	200.458960	14.547499	0.020957	0.6
436	-0.748631	199.656178	14.600425	0.028491	0.8
437	-0.726664	200.656178	14.534556	0.025870	0.7
438	-0.755590	201.656178	14.469278	0.025432	0.7
439	-0.771727	202.656178	14.404583	0.029186	0.7
440	-0.744599	203.656178	14.340465	0.022098	0.7
441	-0.739604	202.853396	14.391893	0.023456	0.7
442	-0.719970	203.853396	14.327887	0.027843	0.7
443	-0.721807	203.051249	14.379184	0.019731	0.7
444	-0.740720	202.248470	14.430890	0.025886	0.7
445	-0.768903	203.248470	14.366538	0.031616	1.7
446	-0.751147	204.248470	14.302757	0.022769	0.8
447	-0.774751	205.248470	14.239540	0.027204	0.7
448	-0.704501	204.445688	14.290245	0.020720	0.7
449	-0.732751	205.445688	14.227138	0.023393	0.7
450	-0.706668	205.766422	14.207016	0.021212	0.7
451	-0.752400	206.766422	14.144640	0.019931	0.7
452	-0.748236	206.293500	14.174070	0.026988	0.7
453	-0.767366	207.293500	14.111983	0.021385	0.7
454	-0.736241	208.293500	14.050438	0.019520	0.7
455	-0.752573	209.282978	13.990066	0.026689	0.6
456	-0.773103	210.280912	13.929702	0.028963	0.7
457	-0.787070	211.280893	13.869734	0.020641	0.7
458	-0.729150	212.271485	13.810835	0.023711	0.7
459	-0.762376	211.511684	13.855966	0.022394	0.7
460	-0.764159	210.709086	13.903961	0.024470	0.7
461	-0.777311	211.684793	13.845658	0.021959	0.7
462	-0.753058	212.684793	13.786409	0.024142	1.0
463	-0.708717	213.684793	13.727664	0.022433	0.8
464	-0.755287	212.882028	13.774783	0.028478	1.0
465	-0.753980	213.882027	13.716137	0.025537	0.7
466	-0.742994	214.882027	13.657989	0.025264	0.7
467	-0.747063	215.882027	13.600331	0.020636	0.7
468	-0.726284	216.882027	13.543159	0.021862	0.7
469	-0.772278	216.217880	13.581076	0.022291	0.6
470	-0.736218	215.415098	13.627193	0.020308	0.7
471	-0.737558	216.415097	13.569795	0.017914	0.7
472	-0.715945	217.354309	13.516324	0.021250	0.8
473	-0.782786	218.345862	13.460329	0.022589	0.7
474	-0.733042	217.543080	13.505628	0.025763	0.7
475	-0.748472	216.766300	13.549751	0.021691	0.7
476	-0.768509	217.766300	13.493002	0.019009	0.6
477	-0.740948	217.008483	13.535963	0.025366	0.7
478	-0.780777	216.460828	13.567181	0.022970	0.7
479	-0.768004	215.681878	13.611833	0.023607	0.8
480	-0.699887	214.879454	13.658138	0.030288	0.7
481	-0.758116	215.879454	13.600479	0.023673	0.7
482	-0.805368	216.879454	13.543305	0.031423	0.7
483	-0.747578	217.879454	13.486610	0.022658	0.7
484	-0.732981	218.879454	13.430388	0.025758	0.7
485	-0.751201	219.879409	13.374635	0.023570	0.7
486	-0.767760	219.081573	13.419081	0.024616	0.7
487	-0.751911	218.808985	13.434334	0.023580	0.7
488	-0.736164	219.808985	13.378546	0.022739	0.7
489	-0.728742	219.006203	13.423295	0.026865	0.7
490	-0.747154	218.203445	13.468343	0.023315	0.6
491	-0.775824	219.203440	13.412273	0.022994	0.7
492	-0.756211	220.203436	13.356667	0.020755	0.7
493	-0.726040	219.400654	13.401270	0.018787	0.8
494	-0.744779	218.599600	13.446075	0.025642	0.8
495	-0.752261	219.598864	13.390230	0.028689	0.8
496	-0.756146	220.598864	13.334806	0.020651	0.7
497	-0.761247	221.598782	13.279844	0.029389	0.7
498	-0.759564	222.598679	13.225335	0.022055	0.7
499	-0.759505	223.598679	13.171265	0.023737	0.7
